1
314168
1007295
2151172
3667445
5579604
8025005
10920684
13968841
17547816
21857603
26501186
31458111
36980852
43183127
49400148
56399035
64376714
72988213
81418658
90576257
100101476
109780805
120239276
131683789
143157884
155112205
167352362
180072971
193645070
207778481
221800568
237785817
253434478
269108507
284936374
302563435
319912870
338666183
357653558
376671307
395879266
415342351
436587078
457186533
478321150
500802865
525323992
548343901
572382598
597197751
620900804
645334009
672603570
701743715
728585958
755951585
784369426
812610191
843634484
874095875
904380244
934158503
965607770
998521575
1032131480
1067977001
1101774760
1135575679
1170877854
1208543583
1245176546
